transform:
  rotation:
    w: 0.0029332433512413996
    x: 0.7071279447216107
    y: -2.637672422173274e-05
    z: 0.7070795324300524
  translation:
    x: 0.233125728614889
    y: 0.13893345288985062
    z: 0.003326767325000299
